2
3
cs1
2
3 4
101 john 70 60.5 95.2 50.6
102 tyler 80 60.5 95.2 66.6
103 nusair 70 60.5 85.2 50.6
2 3
105 edward 90.5 60.5 98.2 
104 alan 40 60.5 95.2
math2
3
2 2
101 john 95.2 53.6
103 nusair 86.2 56.6
2 3
105 edward 90.5 60.5 98.2 
104 alan 40 60.5 95.2
3 2
110 kyle 90.5 98.2 
108 bob 45 85.2
109 smith 75.5 65.9
physics3
1
4 2
105 edward 60.5 98.2 
104 alan 40.5 95.2
108 bob 55 85.2
109 smith 65.5 68.9
2
cs1
2
2 3
102 habib 90.5 60.5 98.2 
101 mohamed 40 60.5 95.2
4 3
104 manha 85.5 60.5 95.2
102 habib 80 60.5 95.2
103 hussain 70 60.5 85.2
109 ali 78.0 63.5 85.5
physics2
3
2 2
101 mohamed 95.2 53.6
103 hussain 86.2 56.6
2 3
105 aziz 90.5 60.5 98.2 
104 manha 40 60.5 95.2
3 2
110 ahmed 90.5 98.2 
108 hasan 45 85.2
109 nadia 75.5 65.9
